"# ",514.532,501,1500,.288,427,-.0246,0,160.064,695.002,50,.349999994039536,5
680.1266,1329.75
680.1567,1318
680.1868,1331
680.2169,1318.5
680.2469,1321.25
680.277,1325.5
680.3071,1320
680.3372,1326
680.3672,1316
680.3973,1328.25
680.4274,1323
680.4575,1313.25
680.4875,1330.25
680.5176,1311.75
680.5476,1334.75
680.5777,1333.75
680.6078,1333
680.6378,1336.75
680.6679,1333.25
680.6979,1343.75
680.728,1355.75
680.7581,1336.75
680.7881,1341.75
680.8182,1360
680.8482,1363.25
680.8782,1362.75
680.9083,1359
680.9384,1367
680.9684,1372.75
680.9985,1372.75
681.0285,1378
681.0585,1383
681.0886,1386.5
681.1186,1398
681.1487,1387.5
681.1787,1397
681.2087,1403
681.2388,1407
681.2688,1405.75
681.2988,1408
681.3289,1404.5
681.3589,1423
681.3889,1425.25
681.4189,1421.5
681.449,1415.5
681.479,1418.75
681.509,1410.5
681.5391,1413.5
681.5691,1430.25
681.5991,1421.5
681.6291,1425
681.6591,1431.75
681.6891,1436
681.7191,1459.75
681.7491,1443.75
681.7792,1458
681.8092,1446.75
681.8392,1459.75
681.8692,1456.5
681.8992,1457.75
681.9292,1453.25
681.9592,1465.5
681.9892,1453.25
682.0192,1455.5
682.0492,1445
682.0792,1453.75
682.1092,1461
682.1392,1460.75
682.1692,1456.5
682.1992,1454.25
682.2292,1456.25
682.2592,1455.75
682.2892,1456.5
682.3192,1473.5
682.3491,1462.25
682.3792,1456.25
682.4091,1465.5
682.4391,1468.75
682.4691,1463.75
682.4991,1481.75
682.5291,1454.75
682.559,1469.25
682.589,1469.75
682.619,1480.75
682.6489,1469.25
682.679,1469.5
682.7089,1477.25
682.7389,1469.75
682.7689,1475
682.7988,1469
682.8288,1465
682.8588,1491.25
682.8887,1481.75
682.9186,1468.25
682.9486,1477.25
682.9786,1478.75
683.0085,1499.5
683.0385,1497.75
683.0685,1490.5
683.0984,1508.75
683.1284,1525.5
683.1583,1510.25
683.1883,1506.25
683.2182,1504.75
683.2482,1518.5
683.2781,1509.5
683.308,1529.25
683.338,1526.75
683.3679,1526
683.3979,1515.5
683.4279,1523.75
683.4578,1528.75
683.4877,1537.75
683.5176,1537.75
683.5475,1526
683.5775,1522.75
683.6074,1507.5
683.6374,1529
683.6673,1529.5
683.6972,1527
683.7272,1523
683.7571,1521
683.787,1528.5
683.817,1532
683.8469,1530.75
683.8768,1530.75
683.9067,1530
683.9366,1537.75
683.9666,1549
683.9965,1532
684.0264,1532.75
684.0563,1533.75
684.0862,1551.25
684.1161,1544
684.146,1542
684.1759,1557
684.2058,1547.75
684.2357,1547.75
684.2656,1557.5
684.2955,1548.5
684.3254,1552
684.3553,1560
684.3853,1558
684.4151,1553.25
684.445,1550.25
684.4749,1555
684.5048,1559.5
684.5347,1552.25
684.5646,1560.75
684.5945,1560.75
684.6244,1564.75
684.6542,1576.75
684.6841,1559
684.7141,1574.25
684.7439,1553
684.7738,1569
684.8036,1552
684.8336,1550.5
684.8634,1560.75
684.8933,1553.75
684.9232,1561.25
684.9531,1572.25
684.9829,1559.25
685.0128,1566.25
685.0427,1576.25
685.0725,1562.25
685.1024,1578
685.1323,1581.25
685.1621,1571.75
685.192,1584.75
685.2219,1579.5
685.2517,1584.75
685.2816,1587.5
685.3114,1586.75
685.3413,1594.25
685.3712,1597.5
685.401,1594
685.4308,1583.75
685.4607,1579.5
685.4905,1581.5
685.5204,1592.25
685.5502,1574
685.5801,1583.25
685.6099,1596.25
685.6398,1590
685.6696,1605.5
685.6995,1592.5
685.7293,1598.5
685.7592,1604
685.7889,1601.25
685.8188,1600.5
685.8486,1599.5
685.8785,1603.25
685.9083,1609.75
685.9381,1601.5
685.968,1614.75
685.9978,1603.75
686.0276,1599
686.0574,1613
686.0873,1616
686.1171,1636.25
686.1469,1631.5
686.1767,1633.5
686.2065,1649.25
686.2363,1634.5
686.2662,1632.5
686.296,1643.5
686.3258,1626
686.3556,1646
686.3854,1639.75
686.4152,1654.5
686.445,1651.25
686.4749,1666
686.5046,1645
686.5344,1647.5
686.5643,1651.25
686.5941,1650.5
686.6238,1654.25
686.6536,1666.25
686.6834,1643.75
686.7133,1641.75
686.743,1646.5
686.7728,1648.25
686.8026,1651.5
686.8324,1667.5
686.8622,1659
686.892,1657
686.9218,1657.5
686.9515,1664
686.9813,1656.75
687.0111,1666.5
687.0409,1656
687.0707,1677
687.1005,1664.25
687.1302,1663.5
687.16,1662
687.1898,1668.5
687.2195,1683.5
687.2493,1690.75
687.2791,1674.5
687.3088,1669.25
687.3386,1685.25
687.3684,1695.75
687.3981,1684.25
687.4279,1698.25
687.4577,1709.75
687.4874,1728.25
687.5172,1705.25
687.5469,1697.25
687.5767,1710.75
687.6064,1702.25
687.6362,1709.25
687.666,1706.75
687.6957,1721
687.7255,1714
687.7552,1732.5
687.785,1721.75
687.8147,1731.5
687.8444,1720.25
687.8742,1748.75
687.9039,1742.75
687.9337,1747
687.9634,1746.75
687.9932,1744.75
688.0229,1742.75
688.0526,1743
688.0823,1745.75
688.1121,1755
688.1418,1756.5
688.1716,1751.5
688.2013,1747.25
688.231,1741.5
688.2607,1756.5
688.2905,1761
688.3202,1748.75
688.3499,1771.25
688.3796,1766.25
688.4093,1772.5
688.439,1777
688.4688,1780.25
688.4985,1785.75
688.5282,1782.5
688.5579,1772.5
688.5876,1778.5
688.6173,1775
688.647,1779.75
688.6767,1783
688.7064,1804.75
688.7361,1808.25
688.7658,1794.75
688.7955,1805.5
688.8253,1805
688.8549,1803
688.8846,1811
688.9143,1798
688.944,1783
688.9737,1786.5
689.0034,1806.5
689.0331,1795.75
689.0628,1818.5
689.0925,1802.25
689.1221,1813.25
689.1519,1818.5
689.1815,1816
689.2112,1848
689.2409,1833.75
689.2706,1849.5
689.3002,1844
689.3299,1852
689.3596,1854.5
689.3893,1863.25
689.4189,1864.5
689.4486,1857
689.4783,1873.5
689.5079,1880.5
689.5376,1890.75
689.5673,1864.5
689.5969,1889
689.6266,1889.75
689.6563,1895.25
689.6859,1912.75
689.7156,1904.25
689.7452,1916.5
689.7749,1909.75
689.8046,1926
689.8342,1907
689.8638,1927.25
689.8935,1928.5
689.9232,1957.5
689.9528,1939.5
689.9824,1937.5
690.0121,1944
690.0417,1941.75
690.0714,1972
690.101,1980.75
690.1306,1978.25
690.1603,1951.5
690.1899,1977.5
690.2195,1992.75
690.2492,1978
690.2788,1996.5
690.3085,2014
690.3381,2003.75
690.3677,2024.75
690.3973,2018.25
690.4269,2016
690.4566,2019.5
690.4862,2028.5
690.5158,2055.5
690.5455,2039.75
690.5751,2083
690.6047,2099.5
690.6343,2124.75
690.6639,2105.25
690.6935,2115.5
690.7231,2142
690.7527,2140.25
690.7823,2154.5
690.812,2155
690.8416,2167
690.8712,2200.75
690.9008,2218
690.9304,2220
690.96,2243.25
690.9896,2254
691.0192,2272.5
691.0488,2282.25
691.0784,2316.5
691.108,2324.25
691.1376,2336.25
691.1671,2361
691.1967,2400.5
691.2263,2374.25
691.2559,2428.25
691.2855,2454.5
691.3151,2466.75
691.3447,2500.25
691.3742,2516
691.4038,2566
691.4334,2601.25
691.463,2616
691.4926,2644.75
691.5221,2674.75
691.5517,2696.75
691.5812,2748.75
691.6108,2817
691.6404,2838
691.67,2872.25
691.6995,2924.25
691.7291,3020.25
691.7587,3064.25
691.7882,3140.75
691.8177,3192
691.8474,3221.5
691.8769,3321
691.9064,3400.25
691.936,3497.25
691.9656,3640.5
691.9951,3732.25
692.0247,3843.5
692.0542,4010.5
692.0837,4157.75
692.1133,4371.75
692.1428,4558.75
692.1724,4760
692.2019,5031.5
692.2314,5294.5
692.261,5644.25
692.2905,6065.5
692.3201,6486.5
692.3496,6946.25
692.3792,7529.5
692.4087,8156.25
692.4382,8975.5
692.4678,9835.25
692.4973,10944.25
692.5268,12257
692.5563,13802.75
692.5859,15548.25
692.6154,17455.25
692.6449,19480.5
692.6744,21961.75
692.7039,24346.75
692.7335,26686
692.7629,28877.25
692.7925,30187.75
692.822,31079
692.8515,30935.75
692.881,29923
692.9105,28403.25
692.94,26299.75
692.9695,24069.75
692.999,22089.75
693.0286,19996
693.058,18293
693.0875,16764.75
693.1171,15312.75
693.1465,14317.75
693.176,13364.75
693.2055,12617.75
693.235,12005.25
693.2645,11404.25
693.294,10910.25
693.3235,10609
693.353,10259.5
693.3824,10074.75
693.4119,9938.25
693.4414,9903.75
693.4709,9938.25
693.5004,9959
693.5298,10081.75
693.5593,10208.25
693.5888,10455.5
693.6183,10744.5
693.6478,11089
693.6772,11470
693.7067,12059
693.7362,12574.5
693.7656,13296.75
693.7951,14142.5
693.8246,15071.25
693.8541,16307.25
693.8835,17536.5
693.913,18982.5
693.9424,20709
693.9719,22524.75
694.0013,24713.5
694.0308,27285.5
694.0602,29789.5
694.0897,32679.75
694.1191,35486.5
694.1486,37972.5
694.178,40191.75
694.2075,41864
694.2369,43120.25
694.2664,43689.5
694.2958,42808.5
694.3253,41936.5
694.3547,40028.75
694.3842,37504.5
694.4136,35007.75
694.443,32068.5
694.4725,29679.25
694.5019,27587.25
694.5313,25348.25
694.5607,23322.5
694.5901,21492.5
694.6196,19652.25
694.649,18362.5
694.6785,16909.5
694.7079,15680.75
694.7373,14624.25
694.7667,13526.5
694.7961,12660.25
694.8256,11944.5
694.855,11125.25
694.8844,10544.5
694.9138,9917
694.9432,9309
694.9726,8891
695.002,8395.5
695.0314,7977.25
695.0609,7625.75
695.0902,7316
695.1196,7004.75
695.149,6769.5
695.1784,6479.5
695.2078,6331.5
695.2372,6069.25
695.2666,5864.75
695.296,5707.75
695.3254,5508.5
695.3548,5377
695.3842,5276.25
695.4136,5091.5
695.443,4967
695.4724,4856.75
695.5017,4749.25
695.5311,4717.5
695.5605,4548.75
695.5899,4470.25
695.6193,4358.5
695.6486,4232.25
695.678,4179.5
695.7074,4111
695.7368,4030.75
695.7661,3933.75
695.7955,3863
695.8249,3761.75
695.8542,3739.75
695.8836,3636
695.913,3582.25
695.9423,3592.25
695.9717,3550.25
696.001,3503.25
696.0304,3454.75
696.0598,3409.75
696.0891,3354.75
696.1185,3316.25
696.1478,3265.5
696.1772,3253
696.2065,3210
696.2358,3193
696.2652,3188
696.2946,3138.5
696.3239,3120.5
696.3533,3105
696.3826,3072.75
696.4119,3082.75
696.4413,3003.5
696.4706,2979.25
696.4999,2946.5
696.5293,2931.25
696.5586,2923.5
696.588,2902.25
696.6172,2862.5
696.6466,2832.5
696.6759,2809.25
696.7053,2798
696.7346,2788.75
696.7639,2772.25
696.7932,2759
696.8225,2757
696.8519,2739.25
696.8812,2727
696.9105,2733.5
696.9398,2727.25
696.9691,2724.75
696.9984,2704.75
697.0277,2714.5
697.057,2716.25
697.0863,2729.5
697.1157,2691.25
697.145,2680.5
697.1743,2677
697.2036,2683.5
697.2328,2687.25
697.2621,2648
697.2914,2666.75
697.3207,2663.5
697.35,2643.5
697.3793,2622.25
697.4086,2596.5
697.4379,2613
697.4672,2603.25
697.4965,2604
697.5258,2635
697.5551,2647.25
697.5843,2669.25
697.6136,2685.25
697.6429,2680.75
697.6722,2683.5
697.7014,2667
697.7307,2663
697.76,2692.75
697.7892,2674
697.8185,2682.75
697.8478,2661.5
697.8771,2619.75
697.9063,2583
697.9356,2577
697.9648,2571.25
697.9941,2547.5
698.0234,2546.75
698.0526,2552.5
698.0819,2523
698.1111,2520
698.1404,2497
698.1697,2489.25
698.1989,2512.75
698.2281,2489
698.2574,2493.25
698.2866,2470.25
698.3159,2502.25
698.3452,2500.5
698.3744,2514.75
698.4036,2506.25
698.4329,2497.5
698.4621,2479.25
698.4913,2502.75
698.5206,2496.25
698.5498,2497
698.579,2486
698.6083,2500
698.6375,2470.5
698.6667,2458.5
698.6959,2474.5
698.7252,2428
698.7544,2431.5
698.7836,2395.75
698.8129,2390.75
698.842,2380.25
698.8713,2362
698.9005,2369.25
698.9297,2356
698.9589,2342.75
698.9882,2334
699.0173,2336
699.0466,2354.25
699.0757,2343.75
699.105,2335.25
699.1342,2311.25
699.1634,2314.25
699.1926,2321.75
699.2218,2324.5
699.251,2342
699.2802,2383
699.3094,2408.75
699.3386,2427.5
699.3677,2430.25
699.397,2451.5
699.4261,2478.75
699.4553,2535.5
699.4845,2549.25
699.5137,2588
699.5429,2626.75
699.5721,2643.25
699.6013,2654
699.6304,2654.25
699.6596,2662
699.6888,2635.75
699.718,2628.5
699.7471,2596
699.7763,2599
699.8055,2545.5
699.8347,2521.75
699.8638,2494.5
699.893,2476
699.9221,2448.5
699.9513,2438.75
699.9805,2410.75
700.0096,2392
700.0388,2351
700.0679,2347
700.0971,2337
700.1263,2334.75
700.1554,2354.75
700.1846,2349.25
700.2137,2321.5
700.2429,2328.25
700.272,2322.75
700.3011,2300.5
700.3303,2316.5
700.3594,2310.5
700.3885,2290.5
700.4177,2274.25
700.4468,2272.75
700.476,2277.75
700.5051,2274.25
700.5342,2246
700.5634,2262
700.5925,2254
700.6216,2256.25
700.6508,2238
700.6799,2216
700.709,2213.75
700.7382,2225
700.7673,2219.5
700.7964,2239.25
700.8255,2230.25
700.8546,2249
700.8837,2240.25
700.9128,2253
700.942,2260.75
700.9711,2262.5
701.0002,2277.5
701.0293,2293
701.0584,2296
701.0875,2309.75
701.1166,2319
701.1458,2317.5
701.1748,2354.25
701.2039,2377.75
701.233,2390.75
701.2621,2415
701.2912,2431.75
701.3203,2482.5
701.3494,2509.5
701.3785,2523.25
701.4076,2580.25
701.4367,2621.75
701.4658,2681
701.4949,2728.75
701.5239,2744
701.553,2795
701.5821,2846.25
701.6112,2866.5
701.6403,2855.5
701.6693,2856.5
701.6984,2844.5
701.7275,2810
701.7565,2773
701.7856,2712.75
701.8147,2662.75
701.8438,2651
701.8728,2614
701.9019,2546.25
701.931,2523.25
701.96,2487.25
701.9891,2442.25
702.0181,2404.5
702.0472,2381
702.0762,2364.75
702.1053,2322
702.1343,2308.5
702.1634,2282
702.1924,2258.5
702.2215,2248.25
702.2505,2243.75
702.2796,2217
702.3087,2212.75
702.3376,2191
702.3667,2192.25
702.3958,2168.5
702.4248,2167.75
702.4538,2152.25
702.4828,2166.5
702.5119,2173.5
702.5409,2175.5
702.5699,2141.5
702.599,2139.5
702.628,2140.5
702.657,2161.25
702.686,2156.5
702.7151,2165
702.7441,2151.5
702.7731,2151.5
702.8021,2140.75
702.8312,2140
702.8602,2155.25
702.8892,2138.5
702.9182,2147.25
702.9472,2146.5
702.9762,2146.75
703.0052,2152.25
703.0342,2156.75
703.0632,2131
703.0922,2155.25
703.1212,2185.25
703.1502,2182.5
703.1792,2194.5
703.2083,2171.75
703.2372,2188.5
703.2662,2170.5
703.2952,2190.5
703.3242,2173.75
703.3532,2184
703.3822,2191
703.4111,2179.25
703.4401,2184.75
703.4691,2192.25
703.4981,2197.5
703.5271,2186.25
703.5561,2187
703.585,2200.75
703.614,2224
703.643,2204.75
703.672,2213.5
703.7009,2209.75
703.7299,2239.75
703.7589,2216.75
703.7878,2235
703.8168,2220.5
703.8458,2234
703.8748,2240.5
703.9037,2242.25
703.9327,2258.75
703.9616,2250
703.9906,2256.5
704.0195,2238.5
704.0485,2261
704.0775,2261.75
704.1064,2259.5
704.1353,2282.75
704.1642,2262.5
704.1932,2262.75
704.2222,2283.5
704.2511,2280.75
704.28,2291
704.309,2304.75
704.338,2306.75
704.3669,2294.75
704.3958,2328.5
704.4247,2335.25
704.4537,2353.5
704.4826,2365.75
704.5115,2373.75
704.5405,2367
704.5694,2415
704.5983,2422.25
704.6272,2453.25
704.6561,2468.25
704.6851,2480.5
704.714,2490
704.7429,2508.75
704.7718,2537
704.8007,2565
704.8297,2554.25
704.8585,2547.5
704.8875,2571.5
704.9164,2573.5
704.9453,2578.75
704.9742,2579
705.0031,2579.5
705.032,2554.5
705.0609,2533.25
705.0898,2537.25
705.1187,2521.5
705.1476,2499.75
705.1765,2515.5
705.2054,2503.75
705.2343,2505.75
705.2631,2472.75
705.2921,2492.25
705.3209,2462
705.3498,2471.5
705.3787,2456.25
705.4075,2448.25
705.4365,2430
705.4653,2451.75
705.4942,2439.75
705.5231,2444
705.5519,2437
705.5808,2411.5
705.6097,2418.75
705.6385,2418.75
705.6674,2418.25
705.6963,2407
705.7252,2437
705.754,2444.75
705.7829,2431.25
705.8118,2411
705.8406,2404.75
705.8694,2420.5
705.8983,2426.5
705.9272,2420
705.956,2414.75
705.9849,2424.5
706.0137,2428.75
706.0426,2447
706.0714,2417.5
706.1003,2418.75
706.1291,2419.25
706.158,2422
706.1868,2429.75
706.2156,2438.75
706.2444,2425.75
706.2733,2425.75
706.3021,2431.25
706.331,2431
706.3598,2430
706.3886,2423.75
706.4175,2426.75
706.4463,2413.75
706.4751,2416.75
706.5039,2436
706.5328,2426
706.5616,2431.25
706.5904,2428.5
706.6192,2440.25
706.648,2446.75
706.6768,2450.25
706.7056,2442.25
706.7344,2453
706.7633,2434.5
706.7921,2467.25
706.8209,2455.75
706.8497,2436
706.8785,2433.25
706.9073,2433.5
706.9361,2467.75
706.9649,2459.5
706.9937,2466.75
707.0225,2464.5
707.0513,2430.5
707.0801,2451.75
707.1089,2443.75
707.1376,2421.5
707.1664,2430
707.1953,2423.75
707.224,2434
707.2528,2431.5
707.2816,2433.75
707.3104,2448.5
707.3392,2436.25
707.3679,2430
707.3967,2424.75
707.4255,2410
707.4542,2417
707.483,2425.5
707.5118,2446
707.5406,2437.75
707.5693,2426
707.5981,2439
707.6268,2418.25
707.6556,2420.75
707.6844,2402.25
707.7131,2424.75
707.7419,2417.75
707.7706,2401.25
707.7994,2389
707.8281,2412
707.8569,2408.5
707.8857,2405.25
707.9144,2385.25
707.9432,2393.5
707.9719,2376.5
708.0006,2368.5
708.0294,2380
708.0581,2375.5
708.0869,2378
708.1156,2391.25
708.1443,2364
708.173,2353.5
708.2018,2347
708.2305,2335.5
708.2593,2321.75
708.288,2330.75
708.3167,2336.5
708.3455,2312
708.3741,2312.25
708.4029,2318.75
708.4316,2302.75
708.4603,2294.75
708.489,2294.5
708.5178,2309
708.5464,2292.25
708.5752,2269.75
708.6039,2252.75
708.6326,2242.25
708.6613,2221.5
708.69,2240.25
708.7187,2266.75
708.7474,2241.25
708.7761,2223.25
708.8048,2197
708.8335,2205.25
708.8622,2215.5
708.8909,2208.25
708.9196,2210
708.9483,2195
708.977,2174
709.0057,2163.5
709.0344,2150.25
709.063,2146.75
709.0917,2153.75
709.1204,2130.75
709.1491,2171.5
709.1778,2150.5
709.2065,2144.25
709.2351,2129.5
709.2638,2125
709.2925,2128.25
709.3212,2103.25
709.3498,2106.5
709.3785,2091.75
709.4072,2058.75
709.4359,2074.25
709.4645,2070.5
709.4932,2063.5
709.5218,2073.5
709.5505,2057.25
709.5791,2036.75
709.6078,2022.5
709.6364,2037.5
709.6651,2051.75
709.6937,2042.75
709.7224,2013.25
709.751,2011.25
709.7797,2013.5
709.8083,2019.5
709.837,2033.75
709.8656,2013.75
709.8943,2013.25
709.9229,1998.5
709.9515,2004.75
709.9802,2014.25
710.0088,1995.25
710.0374,2000.75
710.066,2007.25
710.0947,1990.25
710.1234,1983
710.152,1966
710.1806,1968.75
